,Hypertension,Diabetes,Atrial Fibrillation,Dyslipidemia,CKD,CAD
Hypertension,51.67,14.31,15.24,30.89,0.41,11.21
Diabetes,14.31,28.09,10.13,18.99,8.89,10.42
Atrial Fibrillation,15.24,10.13,31.25,19.35,7.79,10.92
Dyslipidemia,30.89,18.99,19.35,52.75,11.36,17.18
CKD,0.41,8.89,7.79,11.36,17.79,7.73
CAD,11.21,10.42,10.92,17.18,7.73,25.19
