,Hypertension,Diabetes,Atrial Fibrillation,Dyslipidemia,CKD,CAD
Hypertension,52.67,14.16,14.85,29.56,0.4,10.06
Diabetes,14.16,26.87,9.29,17.48,8.06,9.12
Atrial Fibrillation,14.85,9.29,29.4,17.34,7.04,9.54
Dyslipidemia,29.56,17.48,17.34,49.34,10.13,15.03
CKD,0.4,8.06,7.04,10.13,16.43,6.8
CAD,10.06,9.12,9.54,15.03,6.8,22.34
